Portfolio Optimization Results
========================================

Parameters:
  Market: ftse
  Algorithm: NSGA2
  Assets: 3
  Population: 20
  Generations: 5
  Robustness: 0

Pareto Front (20 solutions):
ROI      Risk     Cardinality  Weights
--------------------------------------------------
0.0007   0.0001   3.0          [0.394 0.304 0.302]
0.0014   0.0001   3.0          [0.534 0.016 0.450]
0.0012   0.0001   3.0          [0.487 0.100 0.413]
0.0013   0.0001   3.0          [0.543 0.022 0.435]
0.0011   0.0001   3.0          [0.492 0.148 0.360]
0.0010   0.0001   3.0          [0.409 0.182 0.409]
0.0008   0.0001   3.0          [0.426 0.289 0.285]
0.0009   0.0001   3.0          [0.439 0.218 0.343]
0.0009   0.0001   3.0          [0.416 0.239 0.346]
0.0008   0.0001   3.0          [0.466 0.265 0.268]
0.0009   0.0001   3.0          [0.429 0.204 0.368]
0.0009   0.0001   3.0          [0.421 0.194 0.385]
0.0011   0.0001   3.0          [0.491 0.113 0.396]
0.0011   0.0001   3.0          [0.486 0.135 0.378]
0.0011   0.0001   3.0          [0.478 0.142 0.380]
0.0011   0.0001   3.0          [0.493 0.122 0.386]
0.0011   0.0001   3.0          [0.512 0.129 0.360]
0.0011   0.0001   3.0          [0.491 0.113 0.396]
0.0010   0.0001   3.0          [0.410 0.186 0.404]
0.0010   0.0001   3.0          [0.421 0.189 0.390]
